image_width: 960
image_height: 480
camera_name: camera
camera_matrix:
  rows: 3
  cols: 3
  data: [749.0550689857236, 0.0, 483.09505990158334, 0.0, 746.876440293761, 245.66107079393524, 0.0, 0.0, 1.0]
distortion_model: plumb_bob
distortion_coefficients:
  rows: 1
  cols: 5
  data: [0.20768282448122571, -0.3275933241492545, 0.004096365978835454, 0.002044049080317592, 0.0]
rectification_matrix:
  rows: 3
  cols: 3
  data: [1.0, 0.0, 0.0, 0.0, 1.0, 0.0, 0.0, 0.0, 1.0]
projection_matrix:
  rows: 3
  cols: 4
  data: [772.7223510742188, 0.0, 485.05704969177896, 0.0, 0.0, 772.6544799804688, 247.18262703646724, 0.0, 0.0, 0.0, 1.0, 0.0]