image_width: 1280
image_height: 960
camera_name: camera
camera_matrix:
  rows: 3
  cols: 3
  data: [1008.791605, 0.000000, 633.567851, 0.0, 1005.395031, 481.482865, 0, 0, 1]
distortion_model: plumb_bob
distortion_coefficients:
  rows: 1
  cols: 5
  data: [0.163239, -0.242467, 0.001076, -0.001344, 0.000000]

rectification_matrix:
  rows: 3
  cols: 3
  data: [1, 0, 0, 0, 1, 0, 0, 0, 1]
projection_matrix:
  rows: 3
  cols: 4
  data: [1035.922974, 0.000000, 631.879809, 0.000000, 0.000000, 1033.602051, 482.265873, 0.0, 0.0, 0.0, 1.0, 0.0]