image_width: 1280
image_height: 720
camera_name: camera
camera_matrix:
  rows: 3
  cols: 3
  data: [1007.4436610527366, 0.0, 638.8631038728623, 0.0, 1004.6555107631117, 351.5669704941244, 0.0, 0.0, 1.0]
distortion_model: plumb_bob
distortion_coefficients:
  rows: 1
  cols: 5
  data: [0.1865705942939261, -0.3006325480642536, 0.001866337663449228, -0.00006148460105365293, 0.0]
rectification_matrix:
  rows: 3
  cols: 3
  data: [1.0, 0.0, 0.0, 0.0, 1.0, 0.0, 0.0, 0.0, 1.0]
projection_matrix:
  rows: 3
  cols: 4
  data: [1035.058349609375, 0.0, 638.7517823386588, 0.0, 0.0, 1033.6827392578125, 352.62618808382103, 0.0, 0.0, 0.0, 1.0, 0.0]